25838
30580
30903
20694
12250
18363
19889
21357
13971
8573
17923
30146
12839
22820
24219
5756
11643
30525
104
17775
9377
29172
644
23147
16737
29802
2547
12700
3170
10197
18070
24368
28462
19748
5418
7895
17433
1335
6486
1300
31985
19856
26786
30557
3399
18987
29868
21496
29591
23092
19304
9944
18037
12198
28085
17719
8186
4794
5242
29645
14094
3141
16176
5301
9071
29892
30027
7904
13820
27047
797
3052
22688
8832
6934
32563
28648
6648
6192
1924
30772
18489
6195
26252
8165
719
4494
1093
28983
30842
7208
7424
1359
2515
1383
22587
3506
21897
14217
1503
517
18412
1833
9445
23558
4709
18882
6305
2887
756
25761
14982
24893
1052
1092
15297
5376
27222
14581
27928
28896
13506
23460
3136
29900
2572
11545
29103
18090
31747
25494
16048
10309
27303
744
3739
777
28497
27945
12164
13895
4686
25348
17249
12854
11574
20628
18118
12238
7668
7201
29164
23596
21633
28158
27128
6807
18364
4879
23686
26401
18767
31089
10188
29563
10682
8524
3796
6215
28817
17584
13733
4265
30171
13647
24638
11819
8734
1935
19349
19872
776
28892
11051
18820
14099
18436
19626
240
17257
31855
4428
29151
16508
14956
18261
23802
23925
21741
17572
17022
6829
30188
7098
3351
32452
5675
2617
22425
16349
1779
3344
15761
16300
29419
16599
4486
17570
8162
28281
10150
21907
25936
10363
27657
2626
20069
6992
20106
30052
11634
23524
31186
1359
16310
31421
27435
31596
18642
1150
16838
30605
6167
15534
25540
14205
5963
31412
5489
31781
10464
18158
31135
21335
10232
21553
12761
29384
29980
12746
7513
51
20738
32384
19756
13527
20087
7671
3948
21506
5449
16314
2017
1392
13150
14111
11359
17261
1136
11166
19826
7938
28463
20425
25246
12448
2611
20732
29162
5251
28398
9223
8999
3929
17680
27671
9114
31737
15500
26513
6799
28521
910
8610
12461
1038
29085
7535
14444
26723
4212
632
12836
8901
29995
3933
20450
17685
16020
1809
14038
30524
13104
14783
19254
29868
266
791
479
13366
25785
28604
24692
13372
2
16419
1711
31839
25755
16672
16439
31272
39
9351
19025
15151
26536
2385
18862
1801
7089
19966
5621
17584
19270
8749
2167
26940
15793
1252
26339
5755
16840
1439
15817
5047
5413
28993
10384
22445
23759
24519
21685
21898
714
21744
7381
13974
28894
9468
21253
8072
19493
19988
22237
29126
10331
8609
2341
13730
30998
14323
29912
15305
22969
11098
22160
11642
17691
14109
29510
9492
27502
18215
6638
5026
14251
25873
5687
5685
13134
2281
13860
8893
24915
18899
96
23790
27190
13246
12931
31931
8478
1900
31167
7869
22115
21498
5870
1492
29745
29431
38
26127
9134
5941
25020
10032
30725
16182
8166
23702
17257
16305
11186
24934
8291
3768
31687
5770
25166
17233
14173
28541
12998
11059
30694
14942
20287
992
9842
9056
17035
25960
20927
28910
15748
18625
5902
27714
5240
4197
5616
203
25900
31268
10010
17005
19590
18773
8636
2022
19884
4988
25601
14363
10172
21920
21312
21827
24494
26217
7521
3375
21903
24098
16311
24491
8828
6569
18668
10954
21361
22252
26490
19233
2907
8775
12500
23503
10081
7524
20113
28003
17774
25490
21879
12114
24255
9618
12837
23043
9949
15214
31730
30261
18196
7749
2146
12230
5579
29694
25054
27315
13698
1936
8926
19607
9437
18421
20809
27432
23191
14421
3665
4996
7195
23880
18186
13332
24711
3504
15306
29747
4768
27398
12962
21087
31450
12578
1372
62
11748
30457
12024
16742
19648
8896
6849
7253
17959
28359
1488
24564
11570
27314
769
23364
6084
6902
11812
31252
30401
18066
21585
27277
7802
9683
30560
26554
11145
3320
14060
346
31145
4039
248
28725
23825
20253
9901
26099
23719
10857
5470
3502
14830
1932
9647
12959
12349
20351
23177
6134
29054
18543
4414
17807
26936
1047
17310
27018
4188
10766
17285
10051
19366
15179
2550
4655
31062
16920
1730
21538
20049
23611
25214
3475
21775
4913
4969
9092
29261
19278
4488
11320
17022
31608
21322
28391
19965
26990
26656
22515
23832
3119
10004
12971
5912
24834
364
7539
16567
29623
15017
27819
7894
13039
16656
9267
22205
27121
10092
19628
22670
31233
31759
4402
8028
29267
839
24389
21933
29671
4544
6933
18993
30138
23899
10657
16336
9221
2930
5531
13932
10719
17710
272
2733
7053
7835
29914
28071
12018
26845
15264
23299
31535
8166
325
1501
16307
24027
3239
28887
24500
31338
31869
13690
7257
29551
10783
10605
30874
31741
30573
16502
18388
28264
11806
2499
11468
14148
31958
1036
1533
23946
16194
21493
11336
18907
8109
26166
2117
8458
27702
2642
12742
28497
28986
21320
26480
13497
3079
27833
7780
31828
15957
26999
17673
10930
22592
30546
30840
16120
18167
24564
22070
8312
543
25124
24311
27447
15111
1081
22322
24506
26
25478
20359
24473
24867
26073
17636
9190
7624
21805
21668
31839
29140
26463
16119
4459
17325
17912
18662
15619
17117
623
26314
11504
31422
31496
28348
18979
24902
28936
5004
4577
9727
14353
9683
30716
30044
16508
13738
28978
11688
19682
18084
22908
3427
9170
30888
11798
27882
9240
30106
29390
26052
31219
25096
17805
20974
2086
8418
752
2845
29271
26297
15674
18628
6796
6900
11866
23934
13162
7314
26358
31481
4351
31277
17186
16881
1577
10160
27119
30245
9089
16620
27848
28855
15068
2902
31335
22798
22457
32479
13961
594
7445
27797
19151
3961
1019
3759
22234
17004
26519
11519
16178
10126
3638
22952
24705
24409
3990
24626
16878
11473
101
14828
21267
20654
11177
3177
2309
32471
1722
23890
20941
9005
8541
14522
26014
10747
21545
3548
3141
22661
19458
29330
31046
9401
13463
28933
23097
10046
2958
14971
669
19094
29429
30326
32134
12191
12776
5534
3856
1032
31766
12864
21703
7671
28592
26289
3306
12419
1999
27963
3997
11605
19500
10657
14938
8812
9332
2193
10190
25579
3285
16932
7822
6694
25207
18818
8669
29956
13103
2296
9036
32754
8208
21393
10806
29478
7260
9487
13954
15038
21487
15083
26388
1034
24346
19253
22688
6984
19212
23863
32466
12045
23520
29465
15313
15347
6878
14176
19788
27395
22607
31315
3732
15314
13565
4313
22612
17938
29646
7034
2437
8665
25438
24525
12669
21424
3421
1488
21733
18695
7131
29555
18383
17470
32086
23940
18327
23668
27489
28188
15333
21814
7846
20695
10965
12296
11232
22653
7139
1312
19269
25559
24007
464
19712
32721
13486
22389
3943
25794
13539
19226
30251
18784
31576
28650
17742
15217
20284
15701
18449
11349
24016
19265
22268
514
30298
14913
17226
26281
32450
14556
8377
11070
14736
16892
19220
19802
36
6313
13309
19756
17598
21098
23363
24009
26327
30292
9309
11799
6345
23473
4674
18420
8870
27275
32465
2159
2214
2282
31568
27005
18096
29810
1570
20935
6995
10947
4330
19144
22731
7833
9087
13429
4828
30301
12221
19582
12288
9432
32447
25112
17267
29191
24286
6924
701
30941
19293
7625
8836
16712
15012
4526
31820
11798
901
18472
29768
26076
7226
32300
12278
26364
21062
11257
11953
5662
21327
1557
7136
22704
23773
30300
12063
23726
23557
3758
2298
1125
18441
26462
7675
28174
31348
3771
19986
19286
14328
11849
30507
25670
82
20279
27466
6184
12295
29986
17885
21424
6104
14969
10398
29016
3080
2978
27390
5687
4482
11700
17205
29334
1975
20408
29179
14698
4803
6075
12976
26622
30016
2653
8829
4179
28783
18439
1745
20388
20278
8420
286
10602
14039
14937
25363
7526
27957
21383
5859
25500
18230
28528
17612
19484
1750
30521
5197
5352
10376
20468
17235
14428
19575
13998
11110
25413
5687
13540
13214
8540
28721
30536
15736
18132
20618
18840
15505
2388
3870
14517
6635
19263
21891
17884
15412
22199
18247
21002
24770
8282
8880
29137
3512
2160
9875
12008
13289
20345
12293
21579
11950
22469
5102
15737
3480
19336
9519
32019
9283
20119
23650
28998
25076
10123
16910
18425
29507
25078
7350
10069
30028
2574
24713
29809
22696
20071
8699
12123
22812
4946
4928
27987
9708
31473
14878
17627
17433
7577
17614
2531
27363
10318
24802
21440
12545
27879
513
23266
22576
27124
20165
16799
19114
9578
28420
4661
7743
31444
6795
30518
7385
15995
7327
20347
18337
14937
30099
11076
20206
17844
25932
9748
10789
15248
3414
18623
6103
32558
19518
19873
19421
19598
21025
19749
4397
26306
1721
13344
26385
25689
18587
1781
6296
27963
24260
14420
17170
2823
6311
19662
11215
30948
4552
7219
5094
8356
17611
14208
30359
28284
11450
17791
21932
25419
7935
9022
5257
20937
12649
10666
30197
17924
28875
23080
16440
30202
10973
20133
21437
18300
19765
28883
20066
14723
4183
7638
2423
16887
25234
7603
2275
7482
32545
32096
20908
9079
32595
24082
9644
2426
20184
30449
278
1228
9336
7326
28307
12556
23941
28072
20712
26828
23942
16117
7830
24467
25407
28864
31671
29089
14280
18912
21036
30026
8799
23745
16858
28267
24125
6837
9806
28733
21372
12135
25316
7248
28775
9017
10229
3005
30838
25657
30829
23931
30606
15333
5267
4459
13887
13570
14280
23930
10169
2951
7111
27801
21951
11062
13215
10556
16399
15679
18119
1255
6897
8242
32510
32244
30634
77
25439
10274
11000
21211
27999
18655
1612
17076
73
28099
30506
2217
15636
8039
29743
870
29516
17820
10841
31445
23491
1354
4321
20044
12149
28310
5377
17987
3754
27707
19723
18035
20821
30864
22338
31061
30444
23601
17863
13869
30559
16713
31855
455
3481
21828
1592
30384
20010
29980
22652
28716
8426
32578
4025
29539
16748
24992
1893
20762
13896
20436
17510
13413
32707
2336
18861
22580
31336
26742
24134
6588
15240
32055
26853
12926
17163
22924
19918
12343
9907
25098
17313
19381
9263
19220
16684
20747
25806
22256
22481
6957
20590
13006
5495
28591
30234
22952
21379
27241
22162
16973
1860
21903
28884
8388
27982
19600
23024
25757
9205
20488
23220
1548
16473
14321
24350
18553
13706
18765
7190
9089
5160
31203
29529
7211
27912
17894
15074
30691
31195
24225
27666
19241
10841
22777
4399
27796
4370
22196
6788
29395
18785
12068
9790
20507
29058
13585
6613
3244
13247
3676
24690
13811
15664
21291
2465
28392
325
3654
16198
17325
18003
13008
15471
26274
22418
24659
3243
20800
25909
20178
3471
22026
23158
15086
5637
28512
12032
1181
14200
23354
4220
29830
18350
19402
27396
4539
14372
29483
12308
18563
14230
6337
23438
26742
30869
21183
5638
1573
11556
22958
311
1468
9504
9225
27325
22240
11150
17178
9573
18777
7676
26310
1617
2950
23027
7775
10910
17043
6638
2493
3428
30154
20563
16342
17104
11891
19572
5947
28309
11247
6816
14757
10697
10165
528
11824
7080
22223
22397
10279
24054
24406
10729
19956
29664
15367
19321
18209
30082
1053
25274
26066
2726
15629
31179
17025
23064
992
17235
16738
20359
22136
10423
15584
25456
7804
9683
1375
17197
29560
29567
23598
2928
6908
17767
14997
15436
20795
12589
23560
26327
20852
25321
26050
21568
5002
29880
32471
9734
31770
24554
16546
29791
23860
15325
2023
28745
29961
22963
8488
31170
30402
2914
3963
3854
12266
19982
15010
11538
7746
21323
13723
4973
5914
31583
26228
6874
11897
17708
3220
31
6029
28194
8890
16431
2158
3566
18319
18212
23734
1078
6240
1159
1055
23739
17027
24385
18325
19917
3963
5687
19871
22172
29138
18754
11687
30332
30926
24985
11970
7756
19289
31132
15877
22419
12951
12345
6902
16891
1954
22649
3840
3731
10457
31350
6921
13039
13211
19621
4672
22864
23305
24843
27380
3969
11115
8980
14044
20050
10815
13313
20516
16456
30517
26779
30278
5297
15572
9205
31236
19295
7271
32387
8019
17745
8294
10402
18492
4371
7633
13665
17723
27947
27874
3821
2881
3234
8845
12354
32570
5749
6136
28009
12965
8069
6186
17399
20527
26416
11580
1812
1170
19136
18144
16758
30461
3987
15298
3713
24868
13715
27576
12269
14574
13542
10129
31797
21591
30564
2993
25081
24945
3039
31338
5486
5982
25283
14926
3350
17418
5405
32265
22817
20249
7500
8276
2410
25675
10841
27780
29830
22468
18443
27365
7374
18001
16660
23723
13710
7122
20399
7360
18527
30201
24125
18090
29960
10721
9919
4299
8643
14577
3414
14512
25135
12972
29252
28850
29356
17037
3903
5263
30860
21233
10732
28302
21262
27768
93
6583
26146
2749
10686
18264
8001
12436
7407
12811
6583
27500
15462
5460
25278
23672
8686
18827
3860
6770
2721
32091
5428
14335
7491
16025
28242
3781
27700
4399
27509
2428
29840
14296
8628
25457
25310
10748
5651
29495
21602
16197
2613
24663
11209
17979
2506
28556
32475
11325
3838
6489
20828
8727
16847
14517
19013
12804
23414
24676
453
31508
6957
23769
22159
4589
12526
1304
15748
23704
22303
28704
3333
5948
10320
28376
24338
14989
23015
30412
6467
10960
2226
976
29761
9149
8747
4441
10534
7574
8005
3783
27315
22080
20800
24365
16228
27875
22318
12531
29103
28487
24471
21111
10336
32238
25799
1818
23498
20121
24167
5717
25560
16697
12314
9014
26910
20215
3435
3219
21333
4243
24460
784
15671
13128
24381
16960
6996
19823
21463
2767
18833
10261
14902
20446
21469
12233
3083
19808
12309
32717
17398
2410
14767
12157
5747
7438
14130
4385
25964
23406
22175
11341
15175
1409
3485
3205
7667
25155
19091
9630
31698
25551
18391
13939
317
4832
24123
6181
23470
10617
28286
24601
12580
26288
2682
7078
30070
16350
12010
13352
2900
31736
1587
7419
27549
26459
24291
20712
31937
7421
21663
15299
17550
28845
3398
10139
27221
12702
23119
14907
13368
463
25799
6609
16406
3260
20160
30484
1063
17636
31556
30423
18284
11575
13098
22470
20673
1971
6375
14751
10448
17107
22651
7963
18403
20759
28210
23357
7830
22188
30493
18742
13155
23529
25049
17652
8195
22560
19250
30316
32131
29641
17316
4868
12561
1423
8065
11104
26623
14445
7072
20602
14860
1728
21365
19102
7108
5244
5059
11700
8813
32072
21435
19349
24460
3407
27746
23982
26791
21655
23857
25470
2730
30411
20109
25310
1488
24168
8478
5863
28431
3945
3693
18800
6336
3935
24967
13898
22278
26933
28140
24600
2474
18210
14881
3524
7362
13507
18789
24357
13554
12941
4884
20456
21341
16170
2804
26082
10917
28817
5485
17974
16409
19711
15699
15052
20460
24876
27165
25501
31238
19620
19497
25820
17709
24914
10112
28201
29808
5996
4418
24842
32463
31431
31675
22907
17743
28604
20594
18539
5984
23941
31605
7301
1968
30457
799
16271
704
17405
19180
1135
17903
32551
9163
1496
20240
17603
5346
19512
10823
26944
5419
892
31948
2199
18025
27890
16298
28883
24455
23546
10248
986
12623
59
30759
54
7452
16294
20685
25909
19987
32071
32460
18145
525
27148
25389
30609
9206
4995
20322
21108
334
25206
23256
22273
15108
22798
28563
16755
3996
3337
26765
19976
18862
27957
1331
11420
23347
8666
19703
13427
8351
28886
5388
31823
23931
1902
6893
24560
9241
8249
22880
1504
1874
15698
1238
11188
2572
20960
8879
23486
17711
17925
15960
10080
13793
30989
29893
22378
15467
27326
9717
10744
9017
16696
26773
17345
21170
21847
25762
5374
1369
20304
13679
14047
16316
7438
15271
11320
15743
8151
31397
16237
25055
10228
9702
17908
14245
21335
17938
3448
26810
13628
16543
22106
27063
17320
4301
20985
2403
27393
15064
1864
17554
2875
28279
26639
30639
16975
651
18911
30042
9259
21542
16275
31656
6528
26782
32713
2974
29707
8757
27734
22231
30877
12791
29614
31653
26748
18481
16891
25489
26367
9934
28656
18596
18028
13659
18110
504
30007
17491
20667
20804
783
94
26063
9069
3557
30523
785
5407
27575
3639
2184
17648
8963
26872
15183
27340
20144
24971
13455
28322
2491
11552
26099
24055
16852
8333
15725
27686
22168
28698
963
18870
4393
23315
3383
20326
26895
3801
30179
11684
3568
13741
10519
20216
10290
16316
8130
7322
6980
15068
3997
16092
12283
21717
12273
5335
27905
9852
25056
25835
9543
13749
16574
8745
24466
3258
15999
11707
3619
15091
31066
19223
2824
5084
1245
31917
31072
19108
11592
1038
25885
5391
16672
22822
10633
9321
15175
24754
439
29211
1710
9865
11968
24037
14453
12842
4593
13388
3078
32366
14847
27780
30869
9246
287
29802
13093
3772
32509
14654
29148
25850
13842
11190
4721
29627
6632
10097
13047
16290
24664
25408
21773
6146
28528
25567
29386
30490
8472
19605
9086
20993
267
9846
20117
27257
23693
28970
6633
18136
23371
14980
1913
14090
12389
29332
7959
22435
23429
18682
13223
28476
302
16467
17043
26877
30441
24976
874
26769
15291
6694
3474
8214
22766
8304
25421
7438
15219
16769
11041
22417
8967
27127
5489
26992
23580
28480
6563
22615
999
1720
29884
11700
19346
3414
19960
29254
31592
17655
30215
882
27580
18462
25391
22553
32739
25234
7523
971
15711
29306
24776
10577
19633
6191
26032
21959
13808
18286
21890
7274
11713
605
27032
15140
24822
28699
19695
11763
1901
14236
15984
27433
1757
24662
2918
6392
28430
20643
22669
27297
8480
28163
11187
16855
21593
24594
4342
24365
13330
19831
3164
3099
4953
27837
6215
4974
30977
29124
19574
5567
20960
32236
22103
3014
15176
17293
5320
807
21207
25298
8445
3155
26585
11837
20812
12896
3326
21237
949
14481
24809
9942
21817
11990
12831
20679
23702
21703
11889
17618
24714
14317
28419
23615
22619
25156
3301
11749
18052
11003
26801
31505
14987
11450
16935
23846
10511
23811
14125
16175
21334
474
16822
27896
26233
19292
25329
4410
17046
23767
32404
31633
3291
18043
23945
27912
1123
8555
18815
23351
20595
21054
1382
6436
15982
17640
5696
8158
31844
22187
20317
4998
32187
15755
18365
7805
17030
11027
3476
10193
20255
15169
26985
10722
840
17686
1264
28667
28817
4615
12201
15974
28190
10899
24569
1608
1640
21483
9828
3744
24196
31475
17018
6507
566
25227
24523
11920
14881
735
7375
5961
30101
25184
11686
19548
25552
18307
4170
12267
11628
23723
7313
8857
18316
3748
24648
13850
9908
20625
7342
9249
20001
10768
16224
3693
20009
4291
9436
12452
11669
20791
17800
11409
9001
9278
33
15188
14655
5342
12350
1652
28520
22780
14185
5784
7722
13470
11154
7628
25576
24526
10157
2865
5030
6948
30920
23542
13117
10638
29920
26114
13231
30013
11729
14292
2694
9829
21587
28660
15324
15671
2537
24889
1317
26137
14716
16923
10812
5813
2909
12351
17111
27417
27145
13245
27945
28720
6996
20534
17722
4378
28515
6864
27772
4120
27064
24300
30545
14394
7755
3156
14221
12325
27492
4568
17372
26935
27905
7862
29487
17547
23186
20089
5359
5033
2542
2622
11032
32691
30145
11092
20772
21984
2720
11953
9580
9344
6083
15548
10182
32242
22030
2074
477
31358
8501
23378
17134
24755
19478
32564
22285
18663
30782
27054
30778
31154
24470
4580
17077
13775
21577
13504
27096
5411
26108
13351
13456
11440
10350
2616
11061
17478
5245
15732
14209
17696
5330
9683
26083
18193
24184
14614
29865
20973
22695
5960
17374
30891
30517
5455
4591
8885
14552
11634
29889
23581
5425
6357
7921
13246
20042
32479
5633
19384
14928
3360
1112
28155
11511
11167
29044
7750
11349
11261
18220
21262
1683
24447
17039
24960
15248
6015
16155
25554
5393
12721
2346
22024
31627
12665
10596
7496
6692
28577
98
31446
15520
22713
3987
13443
22953
15257
70
11014
21058
5605
6055
31399
11032
25834
32575
23560
23112
2401
25272
17461
15939
30709
9885
25541
22125
15188
10413
21612
13778
14283
14189
10787
11862
14187
11548
17212
19645
19838
14571
31469
3538
12319
453
29220
20715
7035
19653
25912
27145
10084
21286
1339
11489
8862
28471
10116
28265
28877
24825
15160
627
3069
27227
17191
22341
5904
18148
25501
275
20473
1851
22442
7268
7635
16472
2236
5124
13795
32423
14725
32333
11366
11028
25835
14193
2233
28661
4427
9302
20005
11799
16244
2457
16648
14982
2820
21527
29915
7994
29781
7059
4704
9702
26693
12884
21857
2174
18996
15861
31991
22761
21375
21815
25419
8471
6204
12306
7135
28493
31136
8021
12264
20011
6963
690
16447
1718
28512
12747
20705
10007
31806
31165
4902
22065
19270
1152
4182
8483
16815
9045
30112
14151
15330
6835
8879
17088
30663
23116
2738
27216
27104
9064
19507
19536
24696
7343
29389
13252
25237
24531
28070
22757
19389
6981
6752
23721
14292
27208
29091
8425
22243
29062
16246
32555
5816
18503
21020
26812
20314
17736
16666
15712
16578
8205
2565
32083
5034
15867
25673
19307
15024
16568
15002
2365
15780
10625
251
1976
5238
4752
27570
5809
6750
19474
2000
9560
2609
27219
13880
24552
7724
13961
6981
5761
6515
8715
22575
6869
24933
26355
12973
11006
15426
18300
16415
4242
5323
30712
23603
27692
23538
7242
27470
2539
30009
5568
13655
16459
15813
30220
14907
6695
8826
5939
21844
11940
18432
15312
6275
1988
29306
28032
6390
285
24653
8996
11698
21390
24433
11007
4859
30026
305
30475
11632
14843
13756
27606
2866
17029
32659
15474
13657
3673
21101
5824
18215
11859
4300
26334
14668
25616
31574
5969
2503
7160
22415
15700
12277
20526
18993
8362
18693
10648
22998
7142
29462
17960
8054
21312
13522
9531
25838
7240
1125
10881
11031
16401
25271
1443
20846
27156
473
4515
15873
1860
14011
26412
16456
29364
22493
7657
32374
7184
9121
17522
25258
15200
15680
25768
9318
29322
31142
10084
21650
2871
26915
15432
15200
21911
24905
7435
23498
19528
11767
23061
15192
22484
23076
13561
30417
23758
7388
22100
23643
9033
24464
10279
24642
11828
30488
9626
17713
17773
15170
6307
17849
9272
4639
26779
15949
24603
17663
4001
21279
22355
22874
25561
30036
14594
27575
31669
1230
15920
5603
15667
13479
23990
8781
14426
29297
1538
12385
3236
3647
2748
27293
14437
8637
20453
27297
7861
19343
26915
8201
20460
20349
21657
10547
30929
4127
2934
8595
28270
15125
7871
16874
4359
10511
26175
31012
21741
15990
2060
28808
16666
18859
11240
25300
8413
16395
18477
22106
25385
28732
6738
22695
5809
6095
21194
8030
29469
12849
19952
8901
30434
10247
7222
24535
19215
29928
31746
4847
11644
21147
4690
4991
20342
6933
17726
8343
26039
1711
5280
27590
24119
8387
12459
28800
13884
20016
30984
15191
6294
23713
1634
11319
4238
10880
24504
32504
9620
19139
27117
32651
16995
12881
8544
18591
28894
15612
5323
26026
12891
5906
23650
1009
7701
17213
12404
24422
21064
17558
7407
11613
25817
13329
3837
20016
428
32015
9437
19040
5481
28456
29136
17701
22260
23533
32735
18031
29611
5927
20488
1876
30283
31595
27583
32465
32079
6845
10385
6390
29858
25936
14163
18886
12223
16848
5243
16185
28937
24112
16192
13991
20472
21341
23282
756
32715
2532
3710
18432
7762
14940
17326
10393
4013
19616
30183
20230
14082
4219
19157
2910
1776
9051
29454
18881
31125
23100
30454
14766
7223
4105
28488
2798
20534
18996
15787
31518
10639
3356
22807
16270
21712
32683
1929
2998
1227
27488
3139
12547
5252
4232
1930
9081
8039
18111
24103
5064
2986
2441
13397
28416
3129
19840
26586
15844
5772
7797
13996
6610
23075
19927
12322
21900
3659
11563
10198
4146
32169
3516
32367
19303
1762
2402
13465
25362
29080
23124
1043
13387
28407
15438
19973
25670
31548
30574
12635
2643
1597
15672
24488
24134
2547
31316
21653
10748
3732
19754
15225
13610
12534
9210
10066
19792
29540
18498
8029
18117
113
16218
19078
17032
9938
27443
15759
6890
21856
20737
22990
16556
11320
23505
16481
28327
15043
1002
18016
6405
24408
22906
32
158
9193
21178
26541
20584
3617
16525
17353
31876
24721
3975
12637
517
18949
15368
21005
11939
32053
32360
14869
22952
825
19057
29197
21227
5308
1232
15578
17887
23064
7101
24775
969
21871
6263
30340
2567
10958
2574
22292
2013
747
16274
13435
5777
17955
32412
29917
13712
21403
4932
10165
4674
26238
10869
7085
13064
259
8432
8907
27300
27995
19656
11601
31963
14694
5860
5422
18751
8007
12471
1592
976
29073
3285
15292
21624
27572
10673
30457
11917
30236
767
30529
3624
11576
805
4476
4502
27921
6545
9036
5664
11980
32739
12617
27311
24871
26551
26601
13175
26927
26634
5386
25341
4421
5725
23755
25865
539
5483
26577
2936
5860
8294
13135
24810
29036
14527
23455
21161
11419
17974
13641
29956
7564
8142
15323
17455
2506
25930
10066
15018
14978
23824
30522
20432
9737
26425
6369
3161
30465
10808
2116
20360
4644
16317
28253
23941
1685
26817
9881
25576
28567
26849
13268
21134
16142
28330
31242
19424
10447
30617
8377
10753
19855
2494
25483
1260
30462
31176
31838
20773
12689
28452
22136
32689
104
24213
16884
15635
21734
1565
12843
23413
1509
22259
3617
16754
23912
7114
13490
26769
15672
30557
14639
23661
14824
2120
25499
12376
8438
10970
32376
18864
24579
8885
23541
577
12776
10618
23684
4961
8180
31795
10133
27740
22502
5709
14840
30283
31823
29832
15712
5820
12181
6246
2120
3303
11971
10121
29269
21416
2403
30447
2450
10364
1926
11322
21853
3747
7006
30744
6956
2846
5433
2616
13476
7364
22786
19280
16473
15686
5958
5391
23928
18291
5803
25885
3673
6737
4615
12079
24379
14305
18235
20310
19842
19981
27431
9028
8708
26474
6519
4879
23189
16911
3371
19992
22667
18509
4544
2761
19377
32007
31141
24086
8242
29902
20950
22792
29702
4320
5096
1084
20635
14677
17913
32230
20148
18925
11891
12665
19850
29536
32043
23618
14468
10514
4117
6728
6939
24186
24787
4090
7131
29665
28154
30547
9222
24739
8973
28094
12878
19631
16924
26365
18011
9330
4308
8416
1785
30908
16800
4651
6440
15204
21999
3151
27145
5177
30706
1450
32691
27358
17129
6687
4717
29594
9123
30061
842
7658
11885
21075
30408
2589
8665
29051
3797
28365
1120
26043
5910
17101
25375
16514
23752
3450
3599
9205
27906
27320
6488
10935
10737
26032
15494
20212
8490
508
7388
27337
3859
104
24846
622
18201
5018
12601
18489
25348
26389
16499
32694
20018
4258
6836
22973
23160
8148
21563
14358
19939
11541
85
1522
12552
21114
27148
30190
14846
31725
17746
18207
25529
24001
26070
26795
2144
113
22598
12252
24111
32022
20288
13252
23835
16384
6774
26069
13777
30940
31657
22664
1422
30460
29439
2896
31466
27741
5490
19426
10901
15433
4086
10646
26431
8784
32254
27943
21802
126
7020
11476
15373
12257
4889
29175
11978
31774
18418
9418
7009
8903
499
12729
11509
18352
10954
27118
23017
4846
9254
23369
29541
17469
7541
16776
2789
7715
24646
23410
30205
28882
4556
1438
3860
2396
10205
28303
16767
16186
7301
65
25806
22194
27981
11659
20809
15310
5884
15982
20886
10181
14967
781
32033
13905
22620
23944
22742
27454
32472
26594
17263
24721
2684
3044
17792
9006
32307
5948
16210
29306
23926
9012
25149
25026
21989
26884
15351
3982
26229
23430
1575
5020
5729
28032
17439
30136
24276
27509
1151
27933
17098
6083
19531
11654
1501
13965
131
29119
21429
12655
17866
5667
10149
5555
17941
21434
30660
7956
3862
16630
5329
30815
17430
15562
13290
6492
2499
2775
18475
15272
23247
9928
14820
25422
16375
18231
11705
9636
20393
43
10903
19756
9944
25134
30033
28208
27279
28461
6242
31580
29920
28579
4575
2002
9141
32544
12281
20773
30902
10144
17690
27876
8711
16100
14779
27239
16923
20243
11404
23556
25457
16534
27585
27758
31959
9793
8946
3896
21113
15088
16004
28455
13250
22774
7171
18123
26149
18396
26837
8642
31719
12295
21462
24768
11643
16073
13268
32434
10179
11346
32622
12543
3227
26681
12872
15938
1451
30954
9892
1099
8060
18939
20367
26808
19160
30431
28777
8670
19085
7463
13372
9262
6523
6711
12100
15668
29689
7724
2634
23432
3642
14978
2234
4506
14323
715
32743
24558
19108
30385
4685
19305
30896
13884
31246
23666
29801
18483
17546
27352
10980
8440
11896
2633
25589
16308
29316
21991
31933
1006
22358
11433
18739
25221
11544
18546
29605
11358
4458
28805
32422
1263
9999
3680
28633
25251
27116
19731
29752
16652
12595
26852
5108
15164
10346
6551
14244
3689
18473
21581
18391
7702
4660
19059
26988
26941
27780
8060
18094
30850
19247
13607
12947
31777
5194
11975
19251
23777
28715
22390
16779
12616
7050
15876
14948
22920
19454
23996
192
25511
9224
25821
6867
23431
17734
20064
12366
10407
8564
31980
3808
15173
28189
23632
24730
21302
12597
26656
25243
29319
15368
31678
14449
8168
5618
3116
29686
27326
7066
16064
27111
32258
2272
30449
9791
18457
7208
10121
13019
29267
29416
728
26593
6108
4054
24956
23902
7657
32380
20946
30280
15061
20407
5138
22992
14315
31001
6450
30193
26626
8710
32325
6927
7967
29942
28469
23882
31614
18734
14812
22036
29331
15203
12658
3123
13623
24387
31326
29288
16108
17869
16704
28990
27780
6573
905
22853
25970
31574
2907
8261
25550
15866
5662
18483
26857
18913
3195
15332
17797
27247
27191
1276
3580
18550
25704
15759
17732
18302
19774
19484
25329
2098
18859
6152
26192
17562
31602
12988
2833
10336
27627
19869
16914
23890
30355
20723
8691
3721
2650
21719
17178
6404
951
15194
26365
3665
6305
10661
27102
19267
19180
28964
4212
1143
22219
31085
15196
15004
7494
11360
4755
18751
6752
20796
3806
12977
17182
16843
7547
9699
11954
30759
2304
11140
5844
27116
9517
24833
24517
11457
22951
377
22142
4393
27003
20206
7367
6870
10121
18156
28119
6013
22992
6712
12347
17087
25546
12945
58
9889
19267
26932
267
18554
3639
5444
21199
17314
5916
15
7980
21166
16067
20530
22296
5061
5684
916
7038
3886
26318
4288
23077
21505
18819
3641
27217
6722
13771
18899
30766
28785
24046
3434
29209
3515
15756
20430
32304
12680
374
11455
23382
9183
21136
15738
21966
27324
10555
15684
4776
6296
22862
14868
14752
31879
11331
3093
28922
23693
24214
3186
11927
31582
11609
29431
2676
6214
23000
7619
13292
5807
32103
10908
17364
25511
12436
25318
4712
15511
10479
6562
13862
12541
23975
8706
30989
2472
12365
19615
4844
859
27718
6635
16965
27080
26571
1569
573
8016
888
25242
13053
18129
30919
3200
31276
15273
7972
7616
25562
12583
15973
10635
5780
9787
2346
17509
7944
31287
25814
28231
14016
21353
19322
31013
6724
4557
26098
8695
1916
8963
20651
24616
3803
4539
13998
3855
23038
28003
21615
31159
4070
1028
17298
28318
853
24213
26384
9650
2046
24311
24715
1886
26669
7298
21159
6869
18488
32657
17136
17719
31606
22157
5756
29537
2791
7713
17895
28600
29401
11623
7881
21372
19316
22908
13586
20420
7375
31144
9631
15543
13207
13343
13271
2393
21845
4760
275
16368
30334
32024
32279
27071
9171
5446
19839
31500
5386
28905
8097
18923
1458
6174
3645
32552
22050
31164
17718
5406
8179
16827
12102
14849
16026
9173
11072
8494
12770
4399
32702
27717
22086
18354
10899
30126
15497
570
19791
11991
31451
6398
31423
28589
32559
16623
17126
25147
17741
31712
20500
1056
53
17556
7859
9100
31498
29611
3851
18474
30178
7669
4846
30449
2310
6926
30995
3557
32069
6449
15241
16444
22856
12797
7131
27125
32027
21676
11531
22790
15830
28851
7798
5512
12561
7095
23936
18776
22765
23571
12257
6835
8590
13432
4069
8697
6149
9258
28014
28670
23185
4325
30485
11838
7533
15605
18755
10034
4667
862
28367
31087
3829
13692
8141
5205
3403
30648
4139
18813
2638
14840
5120
10802
3913
12229
25943
31114
5163
24946
19589
28805
29900
20561
14353
6735
5688
24409
7793
10663
12661
22051
13384
13051
8967
16882
20562
21558
747
13642
14342
13070
13817
6520
24081
19647
15223
17416
18252
8546
1000
4402
13194
23656
22768
8231
8694
27470
27934
30845
187
10097
12409
31721
9681
24136
2426
32086
23905
13340
14704
17865
11087
8243
5687
18222
29120
11370
14810
21736
593
14644
21704
16037
5288
21964
3369
12365
12632
20871
13254
23596
529
22839
29347
22360
5418
6531
8194
11735
8057
2259
29486
8739
1384
11412
27026
8613
30288
10901
23854
18435
29244
31446
9130
5442
23064
7370
24223
21613
25934
2096
20122
14030
15188
21643
5673
11636
29182
5875
22156
8440
6667
814
32388
20365
25253
3058
24077
32084
27152
31482
31605
28503
31749
20993
26894
24893
13110
29919
4729
4107
25105
26761
20974
5586
15880
17183
24374
3294
5161
17801
23401
8020
29465
13057
23758
13655
2076
14706
10124
32098
633
12494
25495
29383
12584
5925
17048
25006
1021
32331
18566
625
30730
491
5721
21096
25784
15454
24866
15675
11095
8607
8620
20244
31491
17946
10464
24078
12073
1453
25949
1857
27633
28661
27133
8756
22285
25019
27538
32517
21807
17079
6956
1523
27048
13867
4998
24383
17133
32090
19574
11375
31803
14559
3277
8844
29121
2893
14686
2891
14460
3084
1263
15118
28496
8758
11289
30380
15251
412
185
16359
5212
20459
1717
1507
10760
20835
32369
1565
10807
9977
17688
32677
30753
31960
6406
1024
26156
11643
15459
25118
19067
7193
31687
8033
27921
8326
30711
19903
4896
19672
9029
19837
5024
6656
6182
6799
22540
22875
9904
3862
14171
32058
6441
32586
9917
816
4402
3976
32464
23866
14685
17868
237
31945
6083
24061
18877
17924
3434
24214
4777
18218
16215
9121
23556
23705
3325
1883
8740
5737
26464
31401
15495
1634
16646
5544
8342
29853
18595
2486
22962
27778
32204
2952
23961
17655
23514
30950
28659
1162
18578
9330
23701
1148
7029
16524
18684
17844
20697
31246
21188
4026
21661
16926
25245
31798
24888
27886
13034
23359
15863
26643
23426
31895
17624
8151
12278
6543
19368
19315
7667
32516
7972
6195
1990
10831
18538
26020
4670
22003
5277
7611
1435
11577
7245
10274
29434
15538
1658
25521
18260
536
16071
12879
11064
11237
395
32330
30495
21398
23466
15768
3512
22190
2703
31500
5597
4513
3614
1525
16775
12839
27163
22907
24047
6661
5339
21124
4394
31666
12066
12989
27689
20170
29130
8860
32134
11410
23782
19500
2273
7291
647
3103
27538
3186
26149
21461
31413
8472
24719
303
21469
1085
4798
14456
27997
19879
12292
1444
6599
11674
2464
12834
13157
2302
30891
24151
19967
15807
26967
31610
15542
32194
7345
31228
16652
13735
12235
2161
23067
30584
8341
16415
32354
11698
14216
27672
17086
31202
7212
13340
26537
14275
14966
14789
32387
29329
14194
26454
27182
17176
1210
9158
24297
18922
25372
32041
19434
18227
13658
19795
12202
1294
7225
5767
11259
4008
7912
23344
20591
29156
20590
11865
31329
6044
12721
13730
16483
17362
13343
10757
19926
15325
32703
9541
1396
24489
2178
27604
1038
26509
10731
21369
1668
2620
7573
31775
3675
13791
30604
16260
18367
30634
28904
18569
22353
23520
4782
10735
22340
20119
14829
16751
31608
18972
14881
7934
24702
17515
4755
20003
32077
7636
28512
25145
27074
1464
13476
19109
23968
1485
9922
20312
28038
21850
22861
9689
10081
1133
26990
30329
14410
24612
13885
2126
3616
29700
25542
7043
31688
20934
15266
23364
31332
28344
7681
1265
17319
18782
2470
4083
28541
13970
24058
30319
9220
8984
21844
18101
16213
12253
11260
23855
31159
271
18419
24453
28829
4749
9716
30582
8895
21128
4458
30735
30895
23731
3475
23545
24925
27144
31568
32339
13326
24406
16777
21779
11324
26707
27505
8853
12164
22897
20265
21563
6969
28615
19899
27317
16043
31128
7927
1872
23350
525
29158
20856
20088
23659
14722
19769
10906
8945
13604
29424
6078
4167
31823
26650
16061
12529
29476
4833
14355
13705
22635
9122
5192
17803
22099
4657
4542
582
2244
12947
5096
2502
29562
6217
13868
21419
7871
22519
26408
7089
17131
9318
27230
4200
19357
29827
27460
32449
25397
21078
10721
13263
12581
11703
7949
12745
21976
7499
25945
30075
9037
25001
23247
29727
32143
2670
30753
3784
8128
12745
15407
654
23497
1748
31974
11219
23220
15281
15820
28103
30025
25707
29546
28145
3404
9149
29384
28574
5482
8038
7303
15404
14256
21537
6474
1010
10255
12406
22818
32221
30769
30520
22817
16032
7258
2577
1009
31427
25100
8064
21592
10996
15494
17267
30874
5086
152
19689
931
27423
1099
11064
13488
25634
14607
13767
26758
31419
15922
28197
7220
24623
23791
4166
5980
20278
12656
24573
13509
13478
23104
17755
10245
11159
8867
14289
15254
9043
24779
19647
22082
21011
32013
10395
13862
13656
21560
20894
5128
17937
13497
4869
27906
19889
29183
21939
30805
28303
4274
16353
5044
13178
16345
28232
931
25633
1026
31723
16134
19652
10800
3138
647
4889
8656
13091
6995
14558
14657
602
13266
21866
21646
29232
30156
25451
23538
2420
26095
30862
27350
20090
25070
539
4818
15418
9626
32170
23663
6612
22163
7608
21927
6151
15005
15172
6339
22992
5939
21589
20179
16083
18647
20345
13606
4325
2095
31929
30276
18065
31937
12368
9441
19817
26671
846
8661
29300
16018
12252
26243
32014
32395
32689
24658
19122
15624
29931
4216
25724
18117
22204
5970
15264
17656
19821
29809
28587
1164
17030
18465
11784
21084
25074
12342
24075
28060
16278
17433
26412
11554
18065
9525
4470
4660
26686
672
1169
656
26514
27404
4667
12510
1604
1023
2901
20979
30696
27237
25610
7191
271
15450
30582
7765
11546
14752
1402
20838
14023
30197
32713
4564
14446
663
15637
27371
16031
2194
28344
19782
29892
9073
29392
25002
4972
25078
515
22731
9140
19461
31933
14038
29706
6192
11042
28495
32188
6069
3045
15492
16064
30167
21358
12241
3982
26829
3894
29416
608
8253
18452
15580
13977
8406
7104
9158
23872
15984
32134
17560
8684
17102
13659
1520
3242
10442
12257
32232
19760
26272
19729
15384
28269
4134
30317
17618
25045
16885
28343
24749
18294
28899
30455
4280
28873
29284
22482
18573
29346
1677
21061
20646
3831
22296
6144
30167
15088
379
1972
29679
29306
29743
22400
21358
13349
11953
1105
15972
14816
30220
15880
8476
1177
9825
32293
3130
1631
2622
14486
9355
29532
17078
28755
5744
19195
31361
22864
28171
13914
30650
2952
17432
19225
199
23336
20341
10964
26576
12748
27421
24704
8245
5355
6307
11096
16331
25776
6006
4163
29444
23369
18924
24154
13573
30732
32399
3479
1900
1189
12166
21654
25215
22501
10535
24680
31008
24446
8390
25603
14137
21840
14769
19669
20707
11616
15715
2913
24285
19293
27788
10450
8652
8611
5281
11339
5381
16565
27023
22522
1710
13935
28505
6227
7165
13368
736
217
22183
13818
962
843
2617
23010
21894
11326
24302
8383
5318
8310
22146
9546
16560
13134
5611
18766
18419
25918
3018
13334
21214
18579
24489
10373
4340
13099
31915
29641
16153
11850
6618
4842
2660
30181
12158
14142
8127
30378
16533
15094
18423
23897
21675
29827
4903
14102
23336
23447
17048
23026
18331
23383
25807
1835
18772
27215
11107
15583
31382
27380
28327
13956
14480
17657
32033
11291
17401
18968
9741
24349
15831
4740
26941
21243
31232
29678
18797
24648
16014
2841
22005
28024
7846
31754
7997
2515
11026
20139
24182
19789
7689
1344
22620
20439
27379
7350
5275
31096
25974
24530
11762
15388
5258
18627
19758
17930
31559
5922
25818
172
17979
7819
2338
20386
21595
32400
19479
10026
32294
5802
13450
31990
21599
21449
591
20709
9508
2793
7091
9231
32032
28071
19558
29448
16603
18556
25769
14101
2444
32428
4348
25221
22165
6667
9762
11201
22648
2417
11214
7235
11986
13716
20066
13095
8432
13308
707
1366
1184
20966
10324
24053
16298
29222
29568
4588
18531
13563
9411
9466
24759
12783
24930
8323
11093
32401
12564
24967
10278
5096
6830
15427
8977
22464
18612
31376
16977
31756
21754
17391
16332
15167
27441
31474
717
32738
31620
22093
13072
7310
2068
32332
24544
14024
19958
2191
1455
667
16088
5436
16930
1283
17663
29398
23829
18443
8476
30100
5039
6387
18157
8867
7371
3347
2189
6889
21974
1012
18534
30224
20231
4832
2120
28898
16923
17670
12004
7192
7301
6073
19214
24720
18608
18331
20638
22136
9864
23698
18260
12481
28276
23296
31704
32015
1185
2937
1796
28938
1237
2964
30301
29104
9127
30702
31369
30156
21408
20659
22582
26250
8783
9379
26660
13966
28532
29800
13427
4470
10491
19303
7167
11918
17979
9312
16048
16040
17831
5286
23526
1920
9808
93
12728
18837
4686
1374
6329
23765
20171
16499
398
12366
30557
6801
30385
5038
23484
13481
32275
18810
7505
22606
11822
30363
29715
13679
16184
19737
22483
13028
29322
2207
8897
30732
2375
18367
1145
19422
32136
17174
4814
17667
25986
31692
13714
16424
19177
23033
15432
15027
24547
31812
5878
18561
18990
18249
25926
8495
27321
14969
9449
6412
11609
2798
19566
804
2350
18272
4206
17416
3362
25632
10442
17424
11093
9656
4694
10785
9113
25057
18722
2244
21785
31054
7726
32300
11428
24798
26579
30093
7909
10587
22870
20021
11475
6093
13635
1946
23528
3851
16174
5195
6878
16871
17691
7391
8789
6824
16354
23531
18569
26859
18797
20324
29266
11029
9468
30552
26428
27652
8644
26825
11434
5015
29405
11768
12564
23963
15557
23471
1698
7204
8772
18118
16106
6271
4263
30867
21896
4337
6003
7013
19361
2682
29202
10165
11287
20779
12142
31736
10966
2932
11462
15643
5579
27701
19151
807
8121
30306
24267
480
27206
24569
4475
21054
10588
275
14810
23007
30126
7435
23999
28962
10587
26982
18230
31796
23707
8953
20710
32255
11650
21393
2941
29449
10405
13346
17046
13717
29211
1218
4690
28502
16425
4138
21205
31315
816
28925
5946
9163
4148
32161
244
17132
15539
26418
11720
32253
10179
18642
8048
11607
22765
1381
25614
29678
24428
30389
10314
21877
21029
17763
6491
26268
18194
4216
29216
14413
7998
23060
3007
21894
3845
21392
16154
28813
29508
13678
31222
11230
21148
8021
14208
21860
22965
19302
28756
25004
15345
6015
22893
9094
30028
4167
28407
23919
27108
5328
14416
20026
26339
30809
15160
5538
29844
30056
7078
21024
971
13474
11753
28026
1935
24175
32407
12360
8334
7849
9740
32634
27314
517
13480
13948
11716
21308
23490
22378
7449
29831
961
8374
23239
3069
27066
25800
13305
22585
14524
1733
13675
20279
25527
25004
32735
17043
27049
10563
17334
7850
27411
19897
26813
9932
24178
26489
31681
26988
20831
22836
14351
9682
22823
14642
15832
2801
12265
7565
21674
14864
10299
4150
27948
11323
29774
25902
27518
26418
8558
28190
6089
16236
5244
4900
17712
9255
22885
8943
13037
15883
27856
10629
11563
9152
19133
28430
8959
27204
14895
5203
32248
18379
5297
19086
207
17176
12744
26113
27002
32479
12533
339
9292
15083
24077
20087
7465
7621
12912
31226
20324
26195
5622
29990
19564
30109
26464
29639
13555
25378
6738
15073
11406
18789
23930
8902
18234
1243
1116
28353
3838
3177
2889
4417
31620
26860
5251
29610
17513
32721
10632
26189
32398
15396
8080
25885
11916
15985
2422
22187
17918
28823
26401
23794
19284
10253
16758
29976
21194
4208
23698
11849
26366
31925
32734
8318
25506
28629
25980
31634
20514
3353
5300
31460
18050
22420
29571
18073
15005
28791
16636
4007
26100
8617
14530
26056
22277
21512
9223
322
21967
12750
28701
20690
23049
25084
3286
29259
15432
20266
10788
16344
10449
2183
11587
25314
11636
21084
15696
5612
121
15717
23975
13550
14138
31089
11831
16586
27818
19822
7951
24674
32674
13554
17935
10529
508
917
142
14414
26270
16648
15065
18768
23510
1866
10741
20731
13462
13660
23227
23606
8662
14369
15340
24461
24647
2275
15593
4549
16679
11986
3489
554
20152
24534
5946
4856
31111
19336
32063
22841
1792
22671
27026
6591
4701
21349
21222
9543
1840
5046
15300
31189
14891
15124
22917
32463
9636
22261
16946
14048
25769
18950
10572
23942
24512
28357
31971
25235
31157
5163
26186
23415
32322
30950
2944
10638
23374
5352
26946
13522
30849
9305
7253
19634
30761
29615
6345
28047
28049
8908
12402
21971
22607
411
8587
31537
11200
26761
9975
16867
18755
663
11699
30836
13563
1164
22653
8731
16223
20653
20361
20280
3075
19907
23326
26357
10554
16965
26365
7047
5762
24889
13839
25816
21528
13185
11605
31276
9089
11176
18536
29190
7695
16569
29186
1069
24416
29068
25076
1181
1850
3798
22534
7775
18199
31313
8567
12173
28911
31433
22367
16805
26382
8837
3599
16849
23921
30054
21009
1951
2068
3288
2370
2755
19167
14596
32397
8169
21078
19254
2018
20966
754
225
26803
32315
3099
691
31279
17708
9959
13743
7374
26539
26084
3014
8429
20873
14114
15762
275
24147
15297
15949
27643
21510
10223
963
18753
698
13104
16388
4773
24786
20205
22276
30084
31268
5207
31055
28370
16862
2162
5738
16652
22772
7828
18844
22938
17030
16398
5408
15222
1479
8936
30267
22174
27759
13204
5940
10677
1814
23265
15899
7912
14118
18234
32384
22606
1989
29470
24719
7538
23947
30346
1396
13213
11467
28718
6074
1100
22678
3289
12101
13664
25706
12561
12264
28659
26157
25826
21070
16268
12872
25576
20611
28163
24569
807
12749
21489
12917
26704
4844
2859
3398
14261
29689
15610
4275
2948
17039
3775
16419
27969
28996
24408
22124
6729
22131
25349
9979
21015
9281
19975
22550
17050
14481
3039
5567
1456
3872
19064
15624
6051
3174
10155
29747
28092
2904
32282
10193
11109
14116
21984
15976
31053
26158
9386
17119
4316
6163
17621
17741
4691
12696
4833
11504
27839
3775
17942
10471
30674
19180
27700
1372
5487
29782
147
21359
21924
15147
14853
29925
1884
1363
15348
25538
32458
22660
24936
9875
6786
1085
32286
11179
14812
30072
25010
3681
21196
29146
23619
30616
28205
10681
923
31667
30841
485
6535
15545
23360
27345
751
22164
21530
19419
16038
21505
10839
1630
21620
12747
9900
7332
1691
21137
2214
8715
14983
14026
10884
27627
13767
23135
28050
26382
31744
11480
24050
5695
15864
14466
4817
1176
15540
6415
1497
16581
32667
21511
19529
4624
7295
1921
30299
28578
8312
23606
8037
28866
1900
528
13055
15267
27136
24428
2086
17013
16774
6528
18103
16269
29342
8808
11744
27184
19482
26297
21016
877
16013
23836
1139
17239
17341
22633
8707
11551
493
15571
28066
25904
28437
2749
18149
10060
11765
3223
24663
3384
6528
26296
32679
23917
22344
24211
11687
20414
27898
15802
17371
32655
18385
17911
2309
18841
2693
26784
9891
24959
584
3798
16119
2706
19643
24243
5063
17870
5089
16911
14470
1292
8771
3538
5690
24969
16192
17244
5950
16541
22526
5750
16241
27467
16783
14333
26747
5892
10664
3689
21944
24887
5507
4827
2662
24782
15676
29439
25102
14580
15918
6659
1357
9162
29210
13188
26972
17859
11518
9883
23397
25507
4357
32181
12834
13489
559
6055
10256
30953
12375
19812
1896
4104
19848
23227
1276
3782
2829
14609
14372
27163
28816
20564
28217
12428
21867
12834
31733
25200
24386
1269
8861
9208
12252
19373
6921
2544
7182
14777
29030
6507
26428
14983
9734
30006
1063
14796
10274
11636
15283
16019
21158
23385
28935
17424
13285
17962
9894
13494
27515
6844
21682
10657
20028
25161
918
14334
19974
8016
24501
8713
18192
3915
24625
29871
19753
1059
13090
16388
29702
25486
16958
6682
24786
19361
1705
23992
14875
29080
25918
4457
23872
28183
31791
5566
10960
6353
28423
28334
11003
2953
27712
13450
6587
5287
4202
17450
21021
11799
3688
27962
10351
15995
8826
6430
18399
11422
28754
23480
16330
4951
30156
23202
4322
13605
14244
18781
18435
1042
3981
19234
29174
5154
400
13620
17194
11247
6740
8260
5114
20724
8241
3638
6447
12337
8296
25402
14760
31415
22930
10044
31907
20261
19239
8573
21633
3708
11812
4496
18617
6780
26010
16213
9775
5323
18290
18219
11328
17712
3509
10852
13909
13906
25206
20697
6412
1021
9330
30152
24135
23291
12769
26125
7993
32502
3822
21902
12713
8923
30014
28598
19571
17482
30464
16036
11568
30192
5332
5148
1775
21507
14691
28071
18552
28703
8750
9234
24265
14858
16992
26324
8287
31767
6481
17467
13790
23444
31496
1963
13867
682
7412
6438
26702
6235
23002
9953
16674
29494
8450
10347
11455
31567
10117
25850
9806
30694
30025
24611
14617
29181
30013
5455
20554
23240
11199
18804
15600
20159
13457
14728
12033
14053
10320
17820
25523
16318
3984
24949
1842
823
22120
28476
28945
23501
19939
14184
12057
26336
10290
9108
32242
21924
15568
14363
20223
5277
27702
32748
872
22493
3153
17259
385
2909
15670
24665
4102
7201
30966
13227
22310
13166
13154
13159
1114
20889
23986
8036
31875
22155
2810
18166
7248
7932
25635
31446
10579
20239
12620
16891
30791
7107
22531
241
32682
10237
565
13167
25863
24795
1826
1467
408
25156
8805
26777
20288
8548
21845
30159
8849
5917
20125
29843
6320
32738
3350
19135
6720
954
24081
3044
26788
11711
3586
23293
29617
17848
31497
16107
4156
30184
5142
29751
2323
27591
4184
17643
20518
6231
20612
17940
3447
17462
28296
22638
28748
15077
15277
11633
704
23571
9172
26509
10817
27815
30615
6108
7894
17694
30118
17020
5818
18122
13671
15033
2832
5994
21145
22841
21369
29957
16692
2391
23850
8743
28205
6739
25107
9509
21432
8234
30176
6897
27745
10865
1780
23444
4907
10859
32041
24153
23593
26186
10088
24798
21940
26030
19920
23533
17593
9705
14884
18343
32179
8814
10353
14208
26980
27944
8170
27114
15105
32390
14068
7625
14099
1968
24450
484
31231
1948
17175
29632
3558
16321
27318
31717
9060
10747
27391
12472
11914
5330
16064
27878
9255
10789
9606
8941
8232
28946
3747
16173
20477
18642
2529
13039
18252
31916
18520
15273
8233
13139
16303
6788
29820
21723
5306
24270
31258
30183
13584
24887
12204
4099
31412
30993
5310
26168
9475
10425
20714
25346
26694
10445
23608
7162
30155
4452
24462
10881
7547
9719
11852
11950
30400
27206
26845
13202
28972
12595
25718
16246
5768
5402
9935
6460
2664
20447
26539
11444
12743
9274
1732
30990
13593
16827
13874
16738
15645
360
9577
15931
16877
25176
20167
16661
1863
8083
4395
27762
31008
25409
30060
18616
24425
4651
6702
5200
13475
24704
12519
12196
3630
6610
19568
31471
7500
2832
1719
9993
758
10826
9262
3822
32124
2936
14209
10953
12338
21415
19358
14441
6757
13362
5364
17729
30897
32596
15621
23231
28104
12870
22070
13044
665
14435
9683
30341
15634
1743
13570
14610
636
25375
12215
29113
21263
7088
1195
21553
8909
2216
31699
176
17452
512
31971
24949
29216
12806
927
2647
6227
11424
3902
28549
23811
13370
3763
12891
9497
16838
542
8329
10885
8031
15205
3493
1445
26082
4931
21493
19122
6416
5920
28677
13458
2555
5472
3024
16614
2644
12817
21336
24477
1826
7952
2522
127
22805
12109
7246
27231
14414
19965
29970
13570
18893
22953
12558
27197
3320
8759
28226
2532
29744
21078
18098
7235
4150
29060
27031
31749
31329
14788
14162
9623
3164
9645
8473
13387
28126
14328
7265
18399
19092
5661
28565
23717
7182
32425
26626
31968
5593
3251
3942
10036
6728
5680
20463
7311
7712
8682
12379
25429
11427
18924
17808
16765
15865
22650
25588
29915
30057
28307
15442
26011
30401
11907
16898
15054
27456
27026
6220
30796
1515
14403
29812
14456
4177
27149
22584
29115
30066
20425
13593
9922
12250
18700
31021
21457
5220
21913
1506
22109
6723
18498
6973
387
5778
7613
5881
2123
20336
31178
26791
2609
25852
6411
20227
5632
7993
30855
12483
5604
30698
27561
24906
24649
30410
3014
10876
20940
21663
15137
4608
27082
10470
17530
347
18395
10004
25592
26629
28633
15642
12113
19069
6711
25734
13815
4974
14833
19171
7940
4721
30869
16482
7075
18286
24720
19986
23153
25035
12408
14998
27781
15372
31378
24917
20314
22109
11778
10022
31107
15223
18067
4484
15595
5480
7604
22385
887
9691
31027
21185
13093
3027
8828
22301
29060
22884
94
26805
2578
19201
23712
12619
1699
1170
13907
20635
15549
16779
17382
3540
30167
12655
7999
12717
4934
2108
28208
13709
30838
19716
28441
4359
9952
29979
31824
11388
17126
16806
9006
29644
985
25488
11602
13423
5404
5312
2451
16337
3277
13628
15174
12923
21269
26067
22511
20229
29561
12361
22814
23970
594
30268
11109
7617
16494
14703
24685
15614
28202
13496
22931
26777
13755
19621
4335
23775
2956
20750
8083
6219
15582
18578
5040
16080
813
12247
29710
1307
20619
8569
11880
1263
9294
12563
31431
15818
23515
15217
17539
20651
10462
13566
17209
2220
5277
4149
13605
14321
29588
16010
5512
13727
1828
31348
4517
3992
29125
6286
21258
21768
19305
4624
420
30315
13526
27461
11873
2670
3940
18168
5218
23057
28122
15441
4590
31815
30068
27725
340
27326
10784
21516
11434
31218
21677
20267
13065
13854
11093
13800
26015
29856
2105
9281
31188
10141
3887
12373
28605
12428
3844
5137
16267
28127
6439
3183
3297
19920
17064
24880
21730
30210
18736
5717
21713
10197
17706
2112
25555
333
12731
14701
17224
26259
27256
8484
5475
25703
25102
15891
9882
4078
1207
12584
28431
1169
7082
4788
10016
29974
17326
5444
31762
14364
26482
11166
12887
11660
6915
12627
7211
7213
7882
8811
27735
3580
27343
31199
22158
24146
2673
9045
21640
22492
25532
10667
23166
17953
22142
12221
16020
14637
22463
26166
5315
13199
15996
32411
15189
2351
15856
13592
31293
3198
32158
14816
17837
1670
3280
21485
3310
10559
16358
12716
18801
28210
16521
11872
17317
17321
23815
15803
27456
32216
8244
28847
6803
19100
6744
17371
32493
14064
132
6671
28380
22937
2791
8499
14626
9566
24333
7234
29901
24573
31198
12583
12417
9504
6468
6465
6170
7448
28663
4514
32261
15570
13253
29649
19438
17530
27941
25772
31717
16862
7656
12197
11542
8979
25459
25416
20674
6432
13957
31469
32655
17725
23110
20681
3022
22079
25511
3766
202
4925
11371
19352
2163
1073
22351
14331
1234
8994
22465
24997
27978
26994
32161
31778
31378
25173
5168
9176
313
2395
29769
16685
13634
14197
5532
21932
21248
21250
19634
24818
21203
26080
3203
16647
3659
5457
21612
22119
14397
32274
244
18050
21056
12598
7945
11683
20397
2711
30770
19462
25058
24464
10850
13880
19097
13991
22966
23748
7100
30702
20545
7746
18844
27623
23433
13424
23035
3997
14073
25489
25626
13829
22490
32307
30094
2055
22538
14879
3530
4610
2513
18363
6422
5198
13047
16469
27169
22909
23579
4084
4654
23313
3346
14352
17811
1631
28467
10368
6836
23712
13240
20853
3663
9012
32505
26007
14880
24275
11925
24472
7478
8866
32315
28974
17971
26041
30873
19206
7680
24899
9308
21863
13642
16003
25026
24384
8252
2182
14913
10279
18837
13033
2319
4062
31209
1903
24549
4136
23214
10267
23677
12645
2589
10316
19507
31042
6440
14971
7702
214
12257
13282
4002
10739
19283
1106
26922
32249
16839
12668
29063
12263
1898
27200
12215
16441
7708
57
22112
3139
9160
17894
19099
9524
13826
26033
3058
30561
21268
26148
395
30100
26704
13039
12363
15459
19666
15831
10394
14456
6947
14308
7428
10156
26336
12534
16275
1367
25396
8322
25203
11523
19170
1558
14143
14313
20267
23099
3337
29753
815
12374
4169
25524
7308
25633
1259
13252
19071
1771
2695
29842
24125
18297
2140
3299
14201
2436
31582
13430
31064
20810
2104
28903
2022
15383
26069
21741
19240
25499
5053
2111
8821
25391
28654
4967
28347
1886
965
9816
1269
8810
3440
277
10481
6243
16540
28092
11695
23132
6379
16043
3060
30636
1175
12896
1350
24734
26973
5462
6136
18546
1504
22173
12284
597
22588
31
9239
1829
22018
16641
21228
12552
10565
17948
3894
23412
23558
17409
18465
12925
19398
30870
32564
31150
18606
23074
14529
20878
30537
32278
4433
14395
28980
18294
19571
20873
8318
28133
2744
23022
15074
7473
22358
32529
29246
29643
26504
23944
13567
6718
31660
2023
10213
23216
3533
12665
12889
18717
19091
19013
17708
3659
6345
25569
2275
12086
11782
19865
10657
16859
24577
9171
8969
26316
7302
18302
18717
17281
30260
31681
1367
28080
30423
30620
19134
17267
22098
26233
14251
4413
6579
27347
3924
29759
6859
21519
20354
15482
11517
28398
31958
32447
26780
10217
28150
23558
12942
18673
542
9261
24088
12505
18827
25593
13064
29400
5946
8420
2019
32534
9765
3150
4898
16972
22498
2051
16559
18461
16265
1560
17673
5367
7871
19200
14544
5645
22046
6907
2006
9068
23710
14947
1394
23146
16002
9494
29325
16524
132
11201
20075
7327
19609
4108
18984
12521
18569
21990
6462
22859
31514
7137
4255
24356
28869
23668
6044
21240
23256
14582
16753
11027
16238
9473
10387
6119
32279
27234
6586
7942
7347
28403
28191
29379
11888
31738
12405
28270
16347
4892
23918
1952
16038
11740
5277
4349
480
26516
21301
1541
31338
3726
18686
26472
6498
8305
1101
11299
20151
11940
24749
20894
570
32419
18013
15634
1476
15836
28204
18502
5363
14296
29983
31153
2253
694
14159
18332
1071
32041
11528
3759
11440
31519
20502
10119
25819
3208
31329
19846
16021
19209
4450
32670
11557
5748
24557
27580
9840
19856
32536
20983
21900
1333
14309
23808
20594
10343
12008
11145
31620
16864
11253
14109
6125
28270
5611
6169
18268
6984
21505
13533
19370
25640
19377
31340
31198
5282
24943
23519
11320
12438
28121
31496
31260
30399
4822
30737
21599
32222
12923
19305
11390
16575
26738
14347
12086
12501
10048
9403
3631
3165
736
4580
21656
9524
16473
17286
14793
3910
28589
29317
19876
5249
16792
9765
29023
29084
27016
11025
4856
215
26737
29404
27624
8373
3078
8207
29936
237
29808
6973
1007
3381
17380
24145
25009
27688
21571
20763
30770
30857
3937
1529
20156
26369
5190
21834
11111
17804
18243
10412
26733
28105
21251
6452
27014
8125
24283
21717
9730
3184
25573
7971
29827
886
29194
5072
31497
23642
23168
19841
9758
19968
3007
421
5671
8743
29604
15768
2688
10137
27322
7725
14916
1959
1639
6944
9541
3045
13231
27954
16519
6299
16306
25472
2405
8110
7228
25100
9750
12726
22445
20932
30762
12448
13976
28223
9681
22921
32098
22177
3403
22567
7834
22768
18225
13909
17476
29713
13543
2102
22409
13617
27141
6956
6424
8175
17357
1286
28196
12943
29748
11284
11235
2700
13173
3540
11657
16142
20749
31440
13457
17636
13119
8521
25670
23679
14187
4098
15862
672
9100
2922
13597
16677
1140
4343
32695
9185
22560
29079
16565
26914
1534
14127
13640
16691
18687
10446
8132
22285
20694
14929
23219
17401
13164
15256
20940
25296
2927
18246
32164
18538
24535
17653
23484
18900
16710
8850
31620
19477
6139
865
32675
20637
16040
12607
15516
17247
14356
25072
12003
32620
24342
16929
15671
16018
5731
6211
6569
29219
10651
9085
12455
32232
14539
22688
15654
11560
23651
3838
3173
27919
9486
5503
24991
14351
3403
32563
14763
14244
9165
5198
11254
21589
28872
11756
2565
30902
5211
13451
25635
4278
23381
25267
30411
18141
11515
17373
1849
26311
29037
27763
16796
6294
24263
6501
3894
30601
3858
13608
29578
15021
22114
24373
19936
21849
26665
13694
7948
2906
3011
22120
7236
25231
22533
27827
12639
698
18130
20997
327
9798
27999
9170
32525
23025
12073
30425
16597
2473
32334
25837
11673
26828
25127
15058
21193
20565
7390
29826
13328
19675
4711
23846
6179
21588
32452
16939
20124
4487
25843
25876
14627
26924
8926
20769
741
22894
28230
24248
12252
16553
22615
22476
14539
19977
32498
27818
10853
7689
15705
17805
347
10670
4065
14336
11580
28150
32399
9560
26835
14368
31651
18744
9562
3753
6682
28539
16871
19015
20258
31775
4462
7926
21047
18092
5109
4574
10127
22327
4002
7372
16296
30667
24424
24587
18998
22635
12885
6960
17701
14673
14280
30368
9942
1654
23307
29634
6630
9784
30942
22931
3153
17405
15144
24949
2431
9796
1837
27755
5978
29013
23495
15203
12816
23854
19720
29385
17770
3794
10811
22590
30096
27901
30624
19754
13414
29167
18499
21947
16491
31821
26658
15023
3005
18211
28255
30630
26143
15573
30068
22408
27440
28468
4454
26001
21893
18897
24882
25104
13464
8986
9139
545
339
16091
25891
11242
11315
31222
9127
21001
469
4147
12369
18961
22350
4925
16209
5979
10356
30347
28469
10530
19051
24125
9554
22251
132
4360
31906
6791
18507
3017
2032
16843
17342
3891
6517
5347
1619
1578
31240
23188
21563
15848
27625
13734
24899
13897
17562
31901
1065
20757
615
3776
11491
15214
21072
11290
11590
6411
25948
21247
1411
31700
29008
30524
14915
20777
6015
26740
15594
24636
11069
29761
11033
17811
26615
18525
30778
23543
23108
25356
25731
29123
31124
4191
4001
21227
3657
2156
4349
9754
7065
11092
27388
26859
22213
23055
18220
18230
24529
15359
14445
10548
16119
30409
19550
25531
11658
28169
16135
11072
6047
8393
4859
18299
5927
11975
21640
19841
2394
20753
20990
10910
9654
2384
2108
18341
25069
17614
31298
23397
3809
11672
31216
13126
29745
1547
222
17862
26603
6573
20391
7334
7776
478
17718
4486
9569
13161
24007
28977
28295
15855
18720
30924
23317
4221
10881
11213
20620
24241
25177
27374
27913
10552
25363
13968
26848
31033
18115
27055
12228
17605
8566
5300
21940
24138
28149
11498
22903
15531
17545
12141
31471
2016
9253
6169
17385
10765
3511
9194
8963
29688
20209
20486
4409
444
11912
12031
10871
11396
25879
6665
6116
13855
1543
26221
8354
13923
17950
3156
32604
9504
5926
32600
2721
5973
2360
1281
15898
22160
22693
961
15936
31764
11829
21839
29379
6510
24664
2967
14029
29579
26022
8236
30976
10587
25656
16580
16083
16460
28397
20088
25024
20478
22624
23838
6324
30635
10369
25637
719
11189
6385
11256
20018
30372
23717
1056
31012
21896
6550
31447
26907
11978
8677
27921
5378
29831
30285
31659
14449
11131
27116
19772
22640
29289
27889
32659
24623
29354
18886
17326
3806
23131
20695
31166
774
22348
27356
20422
1308
13168
13398
6841
2040
32760
19541
3592
21294
16391
15653
3059
12308
18229
9948
4943
375
22477
2495
14464
31754
9286
10394
25049
8152
31420
10215
23853
22739
16821
10648
22953
10826
13886
24346
17836
18071
7435
5518
19364
19149
9993
